130 250
146 250
164 250
196 250
261 250
293 250
329 250
392 250
523 250
587 250
659 250
784 250
1046 250
1174 250
1318 250
1568 250
2093 250
1568 250
1318 250
1174 250
1046 250
784 250
659 250
587 250
523 250
392 250
329 250
293 250
261 250
196 250
164 250
146 250
110 250
123 250
130 250
164 250
220 250
246 250
261 250
329 250
440 250
493 250
523 250
659 250
880 250
987 250
1046 250
1318 250
1760 250
1318 250
1046 250
987 250
880 250
659 250
523 250
493 250
440 250
329 250
261 250
246 250
220 250
164 250
130 250
123 250
130 250
146 250
164 250
196 250
261 250
293 250
329 250
392 250
523 250
587 250
659 250
784 250
1046 250
1174 250
1318 250
1568 250
2093 250
1568 250
1318 250
1174 250
1046 250
784 250
659 250
587 250
523 250
392 250
329 250
293 250
261 250
196 250
164 250
146 250
110 250
123 250
130 250
164 250
220 250
246 250
261 250
329 250
440 250
493 250
523 250
659 250
880 250
987 250
1046 250
1318 250
1760 250
1318 250
1046 250
987 250
880 250
659 250
523 250
493 250
440 250
329 250
261 250
246 250
220 250
164 250
130 250
123 250
110 250
130 250
174 250
196 250
220 250
261 250
349 250
392 250
440 250
523 250
698 250
784 250
880 250
1046 250
1396 250
1568 250
1760 250
1568 250
1396 250
1046 250
880 250
784 250
698 250
523 250
440 250
392 250
349 250
261 250
220 250
196 250
174 250
130 250
123 250
146 250
196 250
220 250
246 250
293 250
392 250
440 250
493 250
587 250
784 250
880 250
987 250
1174 250
1568 250
1760 250
1975 250
1760 250
1568 250
1174 250
987 250
880 250
784 250
587 250 
493 250
440 250
392 250
293 250
246 250
220 250
196 250
146 250
103 250
130 250
155 250
196 250
207 250
261 250
311 250
392 250
415 250
523 250
622 250
784 250
830 250
1046 250
1244 250
1568 250
1661 250
1568 250
1244 250
1046 250
830 250
784 250
622 250
523 250
415 250
392 250
311 250
261 250
207 250
196 250
155 250
130 250
116 250
146 250
174 250
220 250
233 250
293 250
349 250
440 250
466 250
587 250
698 250
880 250
932 250
1174 250
1396 250
1760 250
1864 250
1760 250
1396 250
1174 250
932 250
880 250
698 250
587 250
466 250
440 250
349 250
293 250
233 250
220 250
174 250
146 250
130 170
146 170
164 170
196 170
261 170
293 170
329 170
392 170
523 170
587 170
659 170
784 170
1046 170
1174 170
1318 170
1568 170
2093 170
1568 170
1318 170
1174 170
1046 170
784 170
659 170
587 170
523 170
392 170
329 170
293 170
261 170
196 170
164 170
146 170
130 500